1000    verbose interval
10      graphic interval
0.5     time interval
0.999  relax ratio
8.0     expansion ratio
1000000 step number
9.0    relaxed dimension 
2.8     radius cut
1
10
20 21
    7.1200    0.0681    0.0000 cp     0
    7.1200   -2.7319    0.0000 cp     0
    7.1200    1.4681    0.0000 cp     0
    8.3324    2.1681    0.0000 np     0
    9.5449    1.4681    0.0000 cp     0
    9.5449    0.0681    0.0000 cp     0
    8.3324   -0.6319    0.0000 cp     0
    5.9075   -2.0319    0.0000 h     0
    5.9075   -4.8319    0.0000 h     0
   10.7573    2.1681    0.0000 h     0
   10.7573   -2.0319    0.0000 h     0
    9.5448   -2.7319    0.0000 cp     0
   10.7573   -4.8319    0.0000 h     0
   10.7573   -0.6319    0.0000 h     0
    9.5448   -4.1319    0.0000 cp     0
    8.3324   -2.0319    0.0000 cp     0
    8.3324   -4.8319    0.0000 np     0
    5.9076   -0.6319    0.0000 h     0
    7.1200   -4.1319    0.0000 cp     0
    5.9076    2.1681    0.0000 h     0
  1  3  1  
  7  1  2  
  1 18  1  
 19  2  2  
  2 16  1  
  2  8  1  
  3  4  2  
  3 20  1  
  4  5  1  
  5  6  2  
  5 10  1  
  6  7  1  
  6 14  1  
  7 16  1  
 19  9  1  
 12 11  1  
 16 12  2  
 12 15  1  
 15 13  1  
 15 17  2  
 17 19  1  
