10000000 10 2.8
8 2 0 0
1.2300    615.3220  	//c'-o' 	E = K * (R - R0)^2
1.1050    340.6175  	//c'-h
1.2600    560.0000		//cp-np
1.0260    483.4512		//np-lp
1.4200    280.0000		//cp-n
1.0260    483.4512		//n-hn
1.0800    363.4164		//cp-h
1.3400    480.0000		//cp-cp
120.0000  55.0000 		//h-c'-o'	E = K * (Theta - Theta0)^2
117.0200  26.3900			//h-c'-h
1
50
4 3 3 0 0
    3.9598   -7.8054    0.0000 C 12.0000  0.038089
    5.0060   -7.2014    0.0000 O 16.0000 -0.238730
    3.9598   -8.9184    0.0000 H  1.0000  0.100317
    2.9959   -7.2489    0.0000 H  1.0000  0.100324
1 2  2  0
1 3  1  1
1 4  1  1
2 1 3  0
2 1 4  0
3 1 4  1
1
38 42 0 0 0
   -5.5695    3.0640    0.0000 C 12.011150 0.0 //cp
   -5.5695    1.5320    0.0000 N 14.006700 0.0 //np
   -4.2428    0.7660    0.0000 C 12.011150 0.0 //cp
   -2.9160    1.5320    0.0000 C 12.011150 0.0 //cp
   -2.9160    3.0640    0.0000 C 12.011150 0.0 //cp
   -4.2428    3.8300    0.0000 C 12.011150 0.0 //cp
   -4.2428   -0.7660    0.0000 C 12.011150 0.0 //cp
   -2.9160   -1.5320    0.0000 C 12.011150 0.0 //cp
   -1.5893   -0.7660    0.0000 C 12.011150 0.0 //cp
   -1.5893    0.7660    0.0000 C 12.011150 0.0 //cp
   -5.5695   -1.5320    0.0000 N 14.006700 0.0 //np
   -5.5695   -3.0640    0.0000 C 12.011150 0.0 //cp
   -4.2428   -3.8300    0.0000 C 12.011150 0.0 //cp
   -2.9160   -3.0640    0.0000 C 12.011150 0.0 //cp
   -0.1322   -1.2394    0.0000 N 14.006700 0.0 //np
    0.7683    0.0000    0.0000 C 12.011150 0.0 //cp
   -0.1322    1.2394    0.0000 N 14.006700 0.0 //n
    2.3003    0.0000    0.0000 C 12.011150 0.0 //cp
    3.0663   -1.3268    0.0000 C 12.011150 0.0 //cp
    4.5983   -1.3268    0.0000 C 12.011150 0.0 //cp
    5.3643    0.0000    0.0000 N 14.006700 0.0 //np
    4.5983    1.3268    0.0000 C 12.011150 0.0 //cp
    3.0663    1.3268    0.0000 C 12.011150 0.0 //cp
    6.8963    0.0000    0.0000 H  0.001097 0.0 //lp
   -6.8963    0.7660    0.0000 H  0.001097 0.0 //lp
   -6.8963   -0.7660    0.0000 H  0.001097 0.0 //lp
   -6.8963    3.8300    0.0000 H 1.007970  0.0 //h
   -4.2428    5.3620    0.0000 H 1.007970  0.0 //h
   -1.5893    3.8300    0.0000 H 1.007970  0.0 //h
    0.3412    2.6964    0.0000 H 1.007970  0.0 //hn
    2.3003    2.6535    0.0000 H 1.007970  0.0 //h
    5.3643    2.6535    0.0000 H 1.007970  0.0 //h
    5.3643   -2.6535    0.0000 H 1.007970  0.0 //h
    2.3003   -2.6535    0.0000 H 1.007970  0.0 //h
   -1.5893   -3.8300    0.0000 H 1.007970  0.0 //h
   -4.2428   -5.3620    0.0000 H 1.007970  0.0 //h
   -6.8963   -3.8300    0.0000 H 1.007970  0.0 //h
    0.3412   -2.6964    0.0000 H  0.001097 0.0 //lp
1 2  2  2 //cp-np
2 3  1  2 //cp-np
3 4  2  8 //cp-cp
4 5  1  8 //cp-cp
5 6  2  8 //cp-cp
6 1  1  8 //cp-cp
3 7  1  8 //cp-cp
7 8  2  8 //cp-cp
8 9  1  8 //cp-cp
9 10  2  8 //cp-cp
10 4  1  8 //cp-cp
7 11  1  2 //cp-np
11 12  2  2 //cp-np
12 13  1  8 //cp-cp
13 14  2  8 //cp-cp
14 8  1  8 //cp-cp
9 15  1  2 //cp-np
15 16  2  2 //cp-np
16 17  1  4 //cp-n
17 10  1  4 //cp-n
16 18  1  8 //cp-cp
18 19  2  8 //cp-cp
19 20  1  8 //cp-cp
20 21  2  2 //cp-np
21 22  1  2 //cp-np
22 23  2  8 //cp-cp
23 18  1  8 //cp-cp
21 24  1  3 //np-lp
2 25  1  3  //np-lp
11 26  1  3 //np-lp
1 27  1  6 //cp-h
6 28  1  6 //cp-h
5 29  1  6 //cp-h
17 30  1  5 //n-hn
23 31  1  6 //cp-h
22 32  1  6 //cp-h
20 33  1  6 //cp-h
19 34  1  6 //cp-h
14 35  1  6 //cp-h
13 36  1  6 //cp-h
12 37  1  6 //cp-h
15 38  1  3 //np-lp
300
1 0 0 0 0
    0.0000   0.0000    0.0000 Ca 40.0000  2.000000
600
1 0 0 0 0
    0.0000   0.0000    0.0000 Cl 35.0000 -1.000000

